        10           5.7366e-02           1.4341e-02           3.5854e-03
        20           9.2629e-02           2.3157e-02           5.7893e-03
        30           1.1716e-01           2.9291e-02           7.3228e-03
        40           1.3527e-01           3.3817e-02           8.4543e-03
        50           1.4918e-01           3.7294e-02           9.3235e-03
        60           1.6018e-01           4.0044e-02           1.0011e-02
        70           1.6907e-01           4.2269e-02           1.0567e-02
        80           1.7641e-01           4.4103e-02           1.1026e-02
        90           1.8255e-01           4.5638e-02           1.1409e-02
       100           1.8774e-01           4.6936e-02           1.1734e-02
       150           2.0453e-01           5.1132e-02           1.2783e-02
       200           2.1290e-01           5.3226e-02           1.3306e-02
       250           2.1743e-01           5.4356e-02           1.3589e-02
       300           2.1995e-01           5.4987e-02           1.3747e-02
       350           2.2134e-01           5.5336e-02           1.3834e-02
       400           2.2208e-01           5.5519e-02           1.3880e-02
       450           2.2241e-01           5.5602e-02           1.3900e-02
       500           2.2250e-01           5.5624e-02           1.3906e-02
       550           2.2246e-01           5.5614e-02           1.3903e-02
       600           2.2234e-01           5.5586e-02           1.3896e-02
       650           2.2220e-01           5.5549e-02           1.3887e-02
       700           2.2204e-01           5.5510e-02           1.3878e-02
       750           2.2190e-01           5.5474e-02           1.3869e-02
       800           2.2178e-01           5.5444e-02           1.3861e-02
       850           2.2169e-01           5.5422e-02           1.3855e-02
       900           2.2163e-01           5.5408e-02           1.3852e-02
       950           2.2161e-01           5.5403e-02           1.3851e-02
      1000           2.2163e-01           5.5407e-02           1.3852e-02
      1200           2.2204e-01           5.5510e-02           1.3878e-02
      1400           2.2293e-01           5.5732e-02           1.3933e-02
      1600           2.2418e-01           5.6045e-02           1.4011e-02
      1800           2.2570e-01           5.6425e-02           1.4106e-02
      2000           2.2741e-01           5.6853e-02           1.4213e-02
      2200           2.2927e-01           5.7317e-02           1.4329e-02
      2400           2.3122e-01           5.7806e-02           1.4451e-02
      2600           2.3326e-01           5.8314e-02           1.4579e-02
      2800           2.3535e-01           5.8837e-02           1.4709e-02
      3000           2.3749e-01           5.9371e-02           1.4843e-02
      3200           2.3966e-01           5.9916e-02           1.4979e-02
      3400           2.4188e-01           6.0469e-02           1.5117e-02
      3600           2.4412e-01           6.1031e-02           1.5258e-02
      3800           2.4640e-01           6.1601e-02           1.5400e-02
      4000           2.4872e-01           6.2179e-02           1.5545e-02
      4200           2.5106e-01           6.2766e-02           1.5691e-02
      4400           2.5344e-01           6.3360e-02           1.5840e-02
      4600           2.5586e-01           6.3964e-02           1.5991e-02
      4800           2.5831e-01           6.4576e-02           1.6144e-02
      5000           2.6079e-01           6.5198e-02           1.6299e-02
      5200           2.6331e-01           6.5828e-02           1.6457e-02
      5400           2.6587e-01           6.6468e-02           1.6617e-02
      5600           2.6847e-01           6.7117e-02           1.6779e-02
      5800           2.7110e-01           6.7776e-02           1.6944e-02
      6000           2.7378e-01           6.8444e-02           1.7111e-02
      6200           2.7649e-01           6.9122e-02           1.7280e-02
      6400           2.7923e-01           6.9808e-02           1.7452e-02
      6600           2.8202e-01           7.0505e-02           1.7626e-02
      6800           2.8484e-01           7.1210e-02           1.7802e-02
      7000           2.8770e-01           7.1924e-02           1.7981e-02
      7200           2.9059e-01           7.2648e-02           1.8162e-02
      7400           2.9352e-01           7.3380e-02           1.8345e-02
      7600           2.9648e-01           7.4121e-02           1.8530e-02
      7800           2.9948e-01           7.4870e-02           1.8718e-02
      8000           3.0251e-01           7.5628e-02           1.8907e-02
      8200           3.0558e-01           7.6395e-02           1.9099e-02
      8400           3.0868e-01           7.7169e-02           1.9292e-02
      8600           3.1181e-01           7.7952e-02           1.9488e-02
      8800           3.1497e-01           7.8742e-02           1.9686e-02
      9000           3.1816e-01           7.9540e-02           1.9885e-02
      9200           3.2138e-01           8.0346e-02           2.0087e-02
      9400           3.2464e-01           8.1159e-02           2.0290e-02
      9600           3.2792e-01           8.1980e-02           2.0495e-02
      9800           3.3123e-01           8.2808e-02           2.0702e-02
     10000           3.3457e-01           8.3643e-02           2.0911e-02
     12500           3.7853e-01           9.4631e-02           2.3658e-02
     15000           4.2609e-01           1.0652e-01           2.6630e-02
     17500           4.7675e-01           1.1919e-01           2.9797e-02
     20000           5.3017e-01           1.3254e-01           3.3136e-02
     22500           5.8614e-01           1.4653e-01           3.6634e-02
     25000           6.4447e-01           1.6112e-01           4.0279e-02
     27500           7.0505e-01           1.7626e-01           4.4065e-02
     30000           7.6776e-01           1.9194e-01           4.7985e-02
     32500           8.3254e-01           2.0813e-01           5.2034e-02
     35000           8.9929e-01           2.2482e-01           5.6206e-02
     37500           9.6797e-01           2.4199e-01           6.0498e-02
     40000           1.0385e+00           2.5963e-01           6.4907e-02
     42500           1.1109e+00           2.7772e-01           6.9430e-02
     45000           1.1850e+00           2.9625e-01           7.4064e-02
     47500           1.2609e+00           3.1522e-01           7.8805e-02
     50000           1.3384e+00           3.3461e-01           8.3653e-02
     52500           1.4177e+00           3.5441e-01           8.8604e-02
     55000           1.4985e+00           3.7462e-01           9.3656e-02
     57500           1.5809e+00           3.9523e-01           9.8808e-02
     60000           1.6649e+00           4.1623e-01           1.0406e-01
     62500           1.7505e+00           4.3761e-01           1.0940e-01
     65000           1.8375e+00           4.5937e-01           1.1484e-01
     67500           1.9260e+00           4.8150e-01           1.2038e-01
     70000           2.0160e+00           5.0400e-01           1.2600e-01
     72500           2.1074e+00           5.2685e-01           1.3171e-01
     75000           2.2003e+00           5.5006e-01           1.3752e-01
     77500           2.2945e+00           5.7362e-01           1.4341e-01
     80000           2.3901e+00           5.9752e-01           1.4938e-01
     82500           2.4871e+00           6.2176e-01           1.5544e-01
     85000           2.5853e+00           6.4634e-01           1.6158e-01
     87500           2.6850e+00           6.7124e-01           1.6781e-01
     90000           2.7859e+00           6.9647e-01           1.7412e-01
     92500           2.8881e+00           7.2202e-01           1.8051e-01
     95000           2.9916e+00           7.4789e-01           1.8697e-01
     97500           3.0963e+00           7.7408e-01           1.9352e-01
    100000           3.2023e+00           8.0057e-01           2.0014e-01
